%YAML:1.0
---
model_type: PINHOLE
camera_name: camera
image_width: 640
image_height: 480
distortion_parameters:
   k1: 0.0
   k2: 0.0
   p1: 0.0
   p2: 0.0
projection_parameters:
   fx: 382.83856201171875
   fy: 382.83856201171875
   cx: 317.4849853515625
   cy: 235.34381103515625
